lonmin= 13.063137131136
lonmax= 13.510737131135999
latmin= 35.929654622435
latmax= 36.380854622435
lon_div= 373
lat_div= 376
cellsize= 0.0002
n_points= 6
lon_rem= 5
lat_rem= 4
