lonmin= 34.684279719573
lonmax= 34.711512337712996
latmin= 32.653886753582
latmax= 32.676829984982
lon_div= 273
lat_div= 230
cellsize= 1.9950636e-05
n_points= 5
lon_rem= 0
lat_rem= 4
