lonmin= 34.735298181888
lonmax= 34.763457191543
latmin= 32.61652112171
latmax= 32.652176386495
lon_div= 293
lat_div= 371
cellsize= 1.9221167e-05
n_points= 5
lon_rem= 4
lat_rem= 4
