lonmin= 13.820181115137
lonmax= 14.160388152047
latmin= 35.437600690933
latmax= 35.639503976933
lon_div= 337
lat_div= 200
cellsize= 0.000100951643
n_points= 10
lon_rem= 2
lat_rem= 1
