lonmin= 15.015448568257
lonmax= 15.300132201517
latmin= 35.307574974749
latmax= 35.350984181239
lon_div= 282
lat_div= 43
cellsize= 0.000100951643
n_points= 10
lon_rem= 4
lat_rem= 9
