lonmin= 34.785395080523
lonmax= 34.821452846603
latmin= 32.622575290114
latmax= 32.648442817954
lon_div= 138
lat_div= 99
cellsize= 5.2257631999996e-05
n_points= 5
lon_rem= 3
lat_rem= 2
