lonmin= 34.607752414051
lonmax= 34.634882854131
latmin= 32.658203629731
latmax= 32.681144810681
lon_div= 272
lat_div= 230
cellsize= 1.9948853e-05
n_points= 5
lon_rem= 4
lat_rem= 4
