lonmin= 13.856927516316
lonmax= 13.885698734571001
latmin= 35.658987641238
latmax= 35.687758859493
lon_div= 57
lat_div= 57
cellsize= 0.000100951643
n_points= 5
lon_rem= 3
lat_rem= 3
