lonmin= 34.654756663446
lonmax= 34.681997601261
latmin= 32.698901100623
latmax= 32.721851341272995
lon_div= 273
lat_div= 230
cellsize= 1.9956731e-05
n_points= 5
lon_rem= 0
lat_rem= 4
