lonmin= 34.73529356325
lonmax= 34.762527796185005
latmin= 32.65096133674
latmax= 32.674005687684996
lon_div= 273
lat_div= 231
cellsize= 1.9951819e-05
n_points= 5
lon_rem= 0
lat_rem= 0
