lonmin= 15.870408032824
lonmax= 16.052120990224
latmin= 35.293744599658
latmax= 35.354315585458
lon_div= 180
lat_div= 60
cellsize= 0.000100951643
n_points= 10
lon_rem= 7
lat_rem= 3
