lonmin= 34.578187065809
lonmax= 34.605325778769
latmin= 32.703218896105
latmax= 32.726167072505
lon_div= 272
lat_div= 230
cellsize= 1.9954936e-05
n_points= 5
lon_rem= 4
lat_rem= 3
